
                                            Norm of      First-order 
 Iteration  Func-count      Resnorm            step       optimality
     0         77           9.60491                             39.4
     1        154           8.03565        0.031684             35.4      
     2        231            6.9994         0.02665             33.6      
     3        308           6.22134       0.0229088               30      
     4        385           5.68606         0.01709             27.9      
     5        462           5.23739       0.0164479             23.7      
     6        539           4.92203       0.0163061             19.7      
     7        616           4.68208       0.0121374             17.9      
     8        693           4.47453       0.0118818             18.4      
     9        770           4.27761      0.00827806             14.9      
    10        847           4.07543       0.0111652             15.8      
    11        924           3.94989      0.00796009             14.6      
    12       1001           3.84456      0.00578397             12.2      
    13       1078           3.73603      0.00706932         1.75e+04      
    14       1155           3.63766      0.00699675             10.8      
    15       1232           3.55694      0.00686492             11.2      
    16       1309           3.47095      0.00698269             10.8      
    17       1386           3.39717      0.00565659             8.03      
    18       1463           3.33069      0.00574147             8.15      
    19       1540            3.2727      0.00646219             8.72      
    20       1617           3.20834      0.00680797             8.17      
    21       1694           3.15727      0.00516645             8.76      
    22       1771           3.10535      0.00532077             8.02      
    23       1848           3.06042      0.00652582             8.45      
    24       1925           3.02234      0.00382255             8.21      
    25       2002           2.99218       0.0044874             5.92      
    26       2079           2.96394      0.00452593              5.3      
    27       2156           2.94142      0.00577249             7.62      
    28       2233           2.91247      0.00466062             6.45      
    29       2310           2.88269      0.00298622              5.9      
    30       2387           2.85655      0.00469969              6.3      
    31       2464           2.83232      0.00469249             6.52      
    32       2541           2.81075      0.00472006             6.19      
    33       2618            2.7847      0.00434802             7.39      
    34       2695           2.76044      0.00305454             6.16      
    35       2772           2.73942      0.00615474             5.74      
    36       2849           2.71538      0.00584608             5.97      
    37       2926             2.697      0.00454411             6.13      
    38       3003           2.67563      0.00337952             6.32      
    39       3080           2.65794      0.00611603             7.78      
    40       3157           2.64009      0.00523398             6.08      
    41       3234           2.62424      0.00667797             5.29      
    42       3311           2.60913      0.00347297             6.01      
    43       3388           2.59315      0.00581311             5.94      
    44       3465           2.57726      0.00347984             5.92      
    45       3542           2.56212      0.00258074             7.44      
    46       3619           2.54493      0.00727889             6.18      
    47       3696           2.53239      0.00249339             5.87      
    48       3773           2.52032      0.00702058             3.51      
    49       3850           2.50855       0.0033916             6.68      
    50       3927           2.49446       0.0091586             4.92      
    51       4004           2.48243      0.00342924             6.43      
    52       4081           2.47033      0.00376551             5.01      
    53       4158           2.45844      0.00289804             4.13      
    54       4235           2.44396      0.00852121              4.3      
    55       4312            2.4338      0.00183842             6.37      
    56       4389           2.42377       0.0016954         1.33e+04      
    57       4466           2.41323      0.00559012              6.8      
    58       4543           2.39964      0.00139753             6.09      
    59       4620           2.38803      0.00279506             6.33      
    60       4697           2.37311      0.00215629             5.62      
    61       4774           2.36246      0.00559012             5.38      
    62       4851            2.3501      0.00258717             6.29      
    63       4928           2.33876      0.00404068             4.51      
    64       5005           2.32755      0.00285899             5.15      
    65       5082           2.31799      0.00170204             4.72      
    66       5159           2.31117      0.00422069             5.48      
    67       5236           2.30181      0.00199397             4.25      
    68       5313           2.29309      0.00467979             5.61      
    69       5390           2.28374      0.00295119             5.37      
    70       5467           2.27516      0.00296647             4.21      
    71       5544           2.26681      0.00139558             6.53      
    72       5621            2.2588      0.00358216             4.16      
    73       5698           2.25144      0.00543786             4.26      
    74       5775           2.24119      0.00181707             3.58      
    75       5852           2.23147      0.00196108             4.94      
    76       5929           2.22287      0.00175173             4.16      
    77       6006             2.217      0.00345476             4.92      

<a href = "matlab: helpview('optim','solver_stopped_premature','CSHelpWindow');">Solver stopped prematurely</a>.

lsqnonlin stopped because it exceeded the function evaluation limit,
<a href = "matlab: helpview('optim','max_fun_evals','CSHelpWindow');">options.MaxFunctionEvaluations</a> = 6.000000e+03.

Joint Model Personalization Runtime: 14.088426 Hours

                                            Norm of      First-order 
 Iteration  Func-count      Resnorm            step       optimality
     0         37           1.32333                             22.6
     1         74           1.24084      0.00163974             19.6      
     2        111           1.17179       0.0016655             12.6      
     3        148           1.13843      0.00100309             12.7      
     4        185           1.10207       0.0012827             9.59      
     5        222           1.07267      0.00111103             10.9      
     6        259           1.05042     0.000919625             7.77      
     7        296           1.03587     0.000871291             8.59      
     8        333           1.01789     0.000814978             8.96      
     9        370           1.00627     0.000772644             10.9      
    10        407           0.99143     0.000787494             9.89      
    11        444          0.978755       0.0006184             10.8      
    12        481          0.966828     0.000603325             7.63      
    13        518          0.955707     0.000694753              6.8      
    14        555          0.944187     0.000572124             6.72      
    15        592          0.933849      0.00071881             7.73      
    16        629          0.927213     0.000571711             8.94      
    17        666          0.914819     0.000698561             7.61      
    18        703          0.902882     0.000696289                6      
    19        740          0.896255     0.000443317             8.32      
    20        777          0.886467      0.00061016             8.51      
    21        814          0.881242     0.000425951             6.05      
    22        851            0.8747     0.000453982             5.08      
    23        888          0.870009     0.000352776             7.86      
    24        925          0.862401     0.000554794             9.08      
    25        962          0.854025     0.000603436             9.13      
    26        999          0.847848     0.000440767             7.64      
    27       1036          0.841468     0.000438328             9.85      
    28       1073           0.83236      0.00058818             7.79      
    29       1110          0.825813     0.000440293             6.48      
    30       1147          0.820929     0.000535842             7.81      
    31       1184           0.81613     0.000532364             6.99      
    32       1221          0.809244     0.000532954             5.65      
    33       1258          0.803607     0.000450435             7.21      
    34       1295          0.797876     0.000510039              5.9      
    35       1332          0.794754     0.000518586             6.88      
    36       1369          0.791247      0.00051914             9.82      
    37       1406          0.785827     0.000499533             8.55      
    38       1443           0.78003     0.000455173             5.67      
    39       1480          0.775065     0.000448089             8.27      
    40       1517          0.766473     0.000645248             7.33      
    41       1554          0.762273     0.000441346             6.23      
    42       1591          0.759104     0.000466388             4.94      
    43       1628          0.754836     0.000468425              5.3      
    44       1665          0.748375     0.000496216             6.78      
    45       1702          0.742503     0.000571522             7.19      
    46       1739          0.739205     0.000581977             4.77      
    47       1776          0.736642     0.000347149             7.97      
    48       1813          0.729874     0.000555599             6.95      
    49       1850          0.726605     0.000435744             7.84      
    50       1887          0.721705     0.000529005             6.08      
    51       1924          0.717403     0.000569356             8.94      
    52       1961          0.711125     0.000498076             6.33      
    53       1998          0.708351      0.00037759             7.46      
    54       2035          0.705408     0.000361175             6.95      

<a href = "matlab: helpview('optim','solver_stopped_premature','CSHelpWindow');">Solver stopped prematurely</a>.

lsqnonlin stopped because it exceeded the function evaluation limit,
<a href = "matlab: helpview('optim','max_fun_evals','CSHelpWindow');">options.MaxFunctionEvaluations</a> = 2.000000e+03.

Joint Model Personalization Runtime: 3.311798 Hours

                                            Norm of      First-order 
 Iteration  Func-count      Resnorm            step       optimality
     0         77           2.73413                             25.1
     1        154           2.51201      0.00868195             22.3      
     2        231           2.27351      0.00560183             19.5      
     3        308           2.09404      0.00652467             16.4      
     4        385           1.96563      0.00516598             12.8      
     5        462           1.86703      0.00451896             10.6      
     6        539           1.78908      0.00482767             9.78      
     7        616           1.72114      0.00459027             7.97      
     8        693           1.67404      0.00485953             7.97      
     9        770           1.62676        0.003997             6.52      
    10        847           1.59089      0.00424624             5.81      
    11        924           1.55923      0.00323294             5.52      
    12       1001           1.52852      0.00414287             5.76      
    13       1078           1.50161      0.00334162             5.22      
    14       1155           1.47488      0.00386703             5.73      
    15       1232           1.44473      0.00414357             4.52      
    16       1309           1.41833      0.00417739             4.12      
    17       1386           1.39859      0.00450521             4.97      
    18       1463           1.37187      0.00534313             4.34      
    19       1540           1.35125      0.00486864             3.76      
    20       1617           1.33266      0.00391201                4      
    21       1694           1.31034      0.00414972             3.58      
    22       1771            1.2939      0.00447569             3.76      
    23       1848           1.27873      0.00278731             4.31      
    24       1925           1.26131      0.00397702             3.78      
    25       2002           1.24449      0.00359168             4.08      
    26       2079           1.22696      0.00398265             2.62      
    27       2156           1.21403      0.00309108             3.17      
    28       2233           1.19952       0.0043725             2.78      
    29       2310           1.18769      0.00377402             3.17      
    30       2387           1.17214      0.00448822             3.51      
    31       2464            1.1578      0.00553921             3.44      
    32       2541           1.14116      0.00534213             2.59      

<a href = "matlab: helpview('optim','solver_stopped_premature','CSHelpWindow');">Solver stopped prematurely</a>.

lsqnonlin stopped because it exceeded the function evaluation limit,
<a href = "matlab: helpview('optim','max_fun_evals','CSHelpWindow');">options.MaxFunctionEvaluations</a> = 2.500000e+03.

Joint Model Personalization Runtime: 4.474883 Hours

                                            Norm of      First-order 
 Iteration  Func-count      Resnorm            step       optimality
     0          9         0.0342085                                0

<a href = "matlab: helpview('optim','lsq_init_pt_min','CSHelpWindow');">Initial point is a local minimum</a>.

Optimization completed because the <a href = "matlab: helpview('optim','lsq_grad_size','CSHelpWindow');">size of the gradient</a> at the initial point 
is less than the value of the <a href = "matlab: helpview('optim','optimality_tolerance_lsq','CSHelpWindow');">optimality tolerance</a>.

<<a href = "matlab: createExitMsg({'optimlib:snls:Exit100basic'},{'optimlib:snls:Exit100detailed','0.000000e+00','1.000000e-03'},true,true);;">stopping criteria details</a>>
Joint Model Personalization Runtime: 0.012144 Hours

                                            Norm of      First-order 
 Iteration  Func-count      Resnorm            step       optimality
     0         45           3.76191                             38.8
     1         90           1.01248       0.0698799             15.8      
     2        135          0.715456       0.0353557             11.6      
     3        180          0.651508       0.0196137             10.9      
     4        225          0.546331      0.00490342             1.56      
     5        270          0.533611      0.00980685              2.8      
     6        315          0.533611      0.00943931              2.8      
     7        360          0.524814      0.00235983             1.53      
     8        405          0.523357      0.00235983             2.29      
     9        450          0.519494     0.000589957             1.33      
    10        495          0.516829      0.00117991            0.976      
    11        540          0.514809      0.00117991             1.01      
    12        585          0.512732      0.00117991            0.978      
    13        630           0.51046      0.00117991            0.867      
    14        675          0.508454      0.00117991            0.846      
    15        720          0.506691      0.00117991            0.943      
    16        765          0.504665      0.00117991            0.961      
    17        810          0.502944      0.00117991            0.948      
    18        855          0.500952      0.00117991             0.79      
    19        900          0.499467      0.00117991             1.13      
    20        945          0.497689      0.00117991            0.997      
    21        990          0.496308      0.00117991         1.66e+03      
    22       1035          0.494816      0.00117991             0.91      
    23       1080          0.494032     0.000294978            0.578      
    24       1125          0.492865     0.000589957             0.63      
    25       1170          0.490874      0.00117991            0.557      
    26       1215           0.48889      0.00235983             1.38      
    27       1260           0.48889      0.00235983             1.38      
    28       1305          0.487299     0.000589957            0.536      
    29       1350          0.486212     0.000589957             0.48      
    30       1395          0.484439      0.00117991            0.724      
    31       1440          0.482392      0.00235983            0.647      
    32       1485          0.479853      0.00471966             1.73      
    33       1530          0.479853      0.00471966             1.73      

<a href = "matlab: helpview('optim','solver_stopped_premature','CSHelpWindow');">Solver stopped prematurely</a>.

lsqnonlin stopped because it exceeded the function evaluation limit,
<a href = "matlab: helpview('optim','max_fun_evals','CSHelpWindow');">options.MaxFunctionEvaluations</a> = 1.500000e+03.

Joint Model Personalization Runtime: 1.247122 Hours

                                            Norm of      First-order 
 Iteration  Func-count      Resnorm            step       optimality
     0         33          0.141989                             1.19
     1         66          0.141358     0.000544583            0.157      
     2         99          0.141358     0.000272132            0.157      
     3        132           0.14133     6.80329e-05           0.0955      
     4        165           0.14133     0.000136066           0.0955      
     5        198           0.14133     3.40165e-05           0.0955      
     6        231           0.14133     8.50411e-06           0.0955      
     7        264           0.14133     2.12603e-06           0.0955      
     8        297           0.14133     5.31507e-07           0.0955      

<a href = "matlab: helpview('optim','local_min_possible_lsq','CSHelpWindow');">Local minimum possible</a>.
lsqnonlin stopped because the <a href = "matlab: helpview('optim','norm_current_step','CSHelpWindow');">size of the current step</a> is less than
the value of the <a href = "matlab: helpview('optim','step_size_tol','CSHelpWindow');">step size tolerance</a>.

<<a href = "matlab: createExitMsg({'optimlib:snls:Exit2basic','lsqnonlin'},{'optimlib:snls:Exit2detailed','5.315071e-07','1.000000e-06'},true,true);;">stopping criteria details</a>>
Joint Model Personalization Runtime: 0.238363 Hours

                                            Norm of      First-order 
 Iteration  Func-count      Resnorm            step       optimality
     0         73           0.46108                             2.66
     1        146          0.457501      0.00111051             1.72      
     2        219          0.455799     0.000989561             1.57      
     3        292          0.454117      0.00181493             1.55      
     4        365          0.452291      0.00179886            0.985      
     5        438          0.451201      0.00171677             1.46      
     6        511          0.450091      0.00133819             1.21      
     7        584          0.448792      0.00252365             1.46      
     8        657          0.446552      0.00126528             1.37      
     9        730          0.446167     0.000858742             1.35      
    10        803          0.444769      0.00132389             1.09      
    11        876          0.443506        0.001507             1.15      
    12        949          0.441978       0.0021309                1      
    13       1022          0.440927      0.00235126             1.41      
    14       1095          0.439565      0.00191948             1.34      
    15       1168          0.438267      0.00115056             1.62      
    16       1241          0.436896      0.00169292             1.08      
    17       1314          0.435335      0.00225481             1.67      
    18       1387          0.433785      0.00174349              1.2      
    19       1460          0.432675      0.00068142             1.75      
    20       1533          0.431271      0.00149178             1.59      

<a href = "matlab: helpview('optim','solver_stopped_premature','CSHelpWindow');">Solver stopped prematurely</a>.

lsqnonlin stopped because it exceeded the function evaluation limit,
<a href = "matlab: helpview('optim','max_fun_evals','CSHelpWindow');">options.MaxFunctionEvaluations</a> = 1.500000e+03.

Joint Model Personalization Runtime: 1.644990 Hours

                                            Norm of      First-order 
 Iteration  Func-count      Resnorm            step       optimality
     0         25         0.0280922                             9.11
     1         50         0.0260471      0.00029729             9.58      
     2         75         0.0260471     0.000269032             9.58      
     3        100         0.0249755      6.7258e-05             12.4      
     4        125         0.0249755      6.7258e-05             12.4      
     5        150         0.0249755     1.68145e-05             12.4      
     6        175         0.0249755     4.20362e-06             12.4      
     7        200         0.0249755     1.05091e-06             12.4      
     8        225         0.0249755     2.62727e-07             12.4      

<a href = "matlab: helpview('optim','local_min_possible_lsq','CSHelpWindow');">Local minimum possible</a>.
lsqnonlin stopped because the <a href = "matlab: helpview('optim','norm_current_step','CSHelpWindow');">size of the current step</a> is less than
the value of the <a href = "matlab: helpview('optim','step_size_tol','CSHelpWindow');">step size tolerance</a>.

<<a href = "matlab: createExitMsg({'optimlib:snls:Exit2basic','lsqnonlin'},{'optimlib:snls:Exit2detailed','2.627265e-07','1.000000e-06'},true,true);;">stopping criteria details</a>>
Joint Model Personalization Runtime: 0.235645 Hours
